3523437 2746095 3546605 2721324
282831 991087 743030 -87472
1473740 3283213 1846785 3045894
1290563 46916 743030 -87472
3999451 15688 3283637 -753607
1139483 2716286 1846785 3045894
3137614 2929987 3392051 3245262
2667083 2286333 2126582 2282363
3699264 2920959 3546605 2721324
3280991 2338486 3546605 2721324
833202 92320 743030 -87472
3961416 2485266 3546605 2721324
3002132 3500345 3392051 3245262
2482128 2934657 1846785 3045894
111006 2376713 354526 3163958
424237 2718408 354526 3163958
3954504 3606495 3392051 3245262
2275050 2067292 2333853 2000000
1944813 2557878 2126582 2282363
2227536 2152792 2126582 2282363
3633714 1229193 3546605 2721324
1446898 1674290 2333853 2000000
3713985 2744503 3546605 2721324
2281504 3945638 1846785 3045894
822012 3898848 354526 3163958
89817 3512049 354526 3163958
2594265 638715 2333853 2000000