0: 0 0 0 0
1: -2340 45 2245 23
2: 62 83 1085 2
3: 85 1284 -8 17
4: 1283 26 1043 13
5: -4699 2391 -178 11
6: -2268 2335 1210 20
7: -2405 1208 2353 12
8: 140 -1224 2275 18
9: -1097 -1125 2394 4
10: -1132 1145 1047 19
12: -3514 -71 -1303 1
13: -11 -1141 1124 10
14: -5870 1170 -9 21
15: -3448 -14 -69 15
16: -13 -2341 1101 3
17: -2245 -1238 2243 9
18: 8 -1116 3605 5
19: -2303 1234 1201 14
20: -3437 1132 -84 7
21: 1285 -1180 2362 16
22: -1120 73 -57 6
23: -4639 -75 -58 8
24: -2277 -1225 1187 2
25: -2352 -32 -1202 4
26: -4827 1225 -61 18
27: -1065 -43 -2540 20
28: -1164 75 -1298 0
29: 1299 -1266 1187 1
30: -1163 -1113 1084 23
31: -2363 -14 -95 5
32: 68 72 -1227 8
33: -2373 -94 1157 3
34: -2373 -96 3436 8
35: 1198 -1288 3594 2
